749,
720,
654,
664,
657,
662,
646,
622,
632,
673,
666,
645,
637,
648,
653,
642,
644,
638,
631,
632,
629,
631,
625,
637,
644,
642,
637,
632,
643,
650,
651,
655,
649,
621,
604,
609,
603,
614,
636,
598,
615,
628,
612,
632,
627,
613,
615,
627,
659,
700,
690,
718,
718,
701,
683,
661,
631,
618,
621,
665,
807,
813,
744,
759,
796,
810,
813,
828,
833,
822,
789,
747,
729,
699,
679,
674,
694,
747,
853,
859,
826,
837,
846,
808,
759,
711,
747,
735,
724,
753,
756,
735,
770,
777,
736,
742,
744,
699,
755,
769,
744,
695,
679,
648,
664,
666,
688,
738,
756,
723,
743,
705,
671,
679,
658,
661,
675,
743,
770,
771,
731,
768,
797,
803,
792,
792,
762,
698,
680,
692,
713,
738,
698,
722,
740,
791,
780,
835,
825,
809,
722,
749,
762,
771,
769,
720,
695,
721,
754,
765,
769,
772,
791,
734,
725,
704,
704,
676,
653,
646,
655,
697,
735,
746,
787,
781,
766,
688,
731,
729,
718,
679,
695,
669,
693,
692,
687,
725,
709,
678,
670,
688,
700,
719,
725,
704,
637,
637,
663,
612,
606,
595,
604,
623,
671,
686,
717,
672,
656,
674,
668,
665,
650,
640,
651,
645,
633,
638,
653,
654,
648,
668,
670,
678,
665,
674,
660,
679,
675,
669,
680,
663,
659,
649,
666,
678,
662,
649,
662,
668,
671,
649,
630,
629,
615,
635,
639,
634,
615,
628,
631,
628,
648,
688,
679,
666,
704,
719,
720,
712,
688,
676,
657,
673,
678,
696,
699,
678,
701,
703,
677,
659,
662,
688,
703,
683,
658,
691,
703,
709,
669,
696,
702,
698,
678,
667,
675,
679,
655,
662,
663,
668,
663,
647,
677,
681,
705,
701,
671,
655,
669,
673,
671,
683,
688,
676,
707,
711,
689,
668,
679,
685,
666,
682,
720,
776,
808,
806,
825,
774,
807,
797,
726,
684,
700,
684,
687,
653,
660,
673,
658,
696,
700,
688,
739,
697,
681,
695,
697,
697,
706,
691,
680,
671,
686,
683,
655,
646,
659,
662,
668,
646,
631,
637,
640,
651,
672,
661,
645,
665,
664,
665,
668,
644,
624,
617,
621,
613,
605,
640,
664,
677,
648,
682,
660,
635,
644,
634,
636,
614,
619,
646,
693,
708,
676,
724,
744,
762,
761,
788,
722,
748,
718,
664,
655,
664,
673,
706,
693,
756,
808,
832,
802,
805,
806,
812,
771,
759,
769,
731,
712,
727,
721,
737,
756,
736,
681,
651,
658,
640,
638,
648,
646,
662,
657,
647,
637,
654,
662,
673,
712,
698,
669,
689,
678,
678,
663,
634,
650,
643,
657,
648,
646,
659,
672,
686,
677,
656,
630,
650,
658,
667,
660,
641,
657,
659,
652,
655,
679,
689,
695,
693,
676,
654,
660,
657,
667,
637,
642,
657,
698,
770,
795,
837,
816,
819,
783,
681,
711,
694,
696,
663,
660,
692,
769,
792,
809,
813,
833,
762,
786,
770,
774,
769
