667
678
712
741
729
670
664
663
677
696
688
662
650
681
776
861
779
697
659
641
645
658
729
709
695
671
643
641
645
665
711
704
673
662
677
769
794
764
711
665
653
642
662
721
811
750
702
656
648
641
663
693
676
677
653
667
667
692
682
681
674
684
688
675
681
676
685
642
633
641
666
729
742
692
650
660
659
641
624
624
629
642
666
629
627
621
604
587
561
563
564
558
668
761
805
781
723
687
720
795
816
788
707
668
667
727
770
770
756
663
650
630
652
729
775
752
764
711
668
646
633
639
688
767
762
739
663
645
646
647
653
663
633
630
607
598
591
589
617
712
770
753
683
651
637
647
740
822
789
689
658
647
652
670
685
691
647
636
626
637
675
757
775
767
688
665
654
660
680
714
729
716
660
645
627
622
605
609
617
616
622
614
622
660
729
710
707
762
783
734
688
656
643
661
716
845
836
754
694
713
730
755
759
733
702
667
649
636
646
742
789
669
657
656
667
688
651
657
663
653
623
611
600
594
649
1085
958
844
675
690
733
744
677
685
676
675
667
642
644
656
670
661
641
628
620
639
688
713
692
680
660
623
612
598
585
604
674
713
709
680
626
618
616
638
776
761
735
699
670
646
623
611
603
642
818
944
827
832
792
671
653
644
667
737
776
771
744
698
650
637
618
621
674
735
734
675
643
638
632
651
713
690
686
658
632
623
619
627
646
649
648
644
618
606
586
577
569
563
581
758
916
806
826
757
693
654
646
662
693
658
645
627
604
604
604
611
646
669
673
669
663
636
626
620
637
688
739
753
708
652
658
656
666
660
636
626
617
617
635
683
739
816
761
667
649
649
644
624
609
604
612
617
600
600
601
616
668
734
740
684
646
640
666
767
805
783
714
660
655
697
835
786
676
677
676
688
692
693
662
647
634
624
635
688
751
690
666
661
664
690
721
720
694
674
637
620
606
587
599
610
596
599
616
620
660
759
866
816
776
720
688
717
755
772
779
737
669
651
639
646
695
780
763
769
719
670
653
631
621
610
619
646
684
693
653
631
646
659