731
779
822
824
837
833
797
693
709
792
834
841
877
879
815
803
895
926
938
903
866
877
872
880
872
800
773
850
906
913
912
872
780
847
868
857
854
795
840
890
899
870
781
797
831
822
831
775
771
818
832
826
844
812
763
809
828
832
842
851
848
778
797
842
867
861
853
783
843
860
895
870
879
879
811
833
851
855
848
893
869
833
852
879
877
808
797
832
839
832
761
733
750
762
704
787
795
771
767
713
658
639
668
665
653
627
638
690
724
694
781
783
794
801
801
816
825
824
787
713
545
859
443
277
545
3321
576
1751
2541
6752
799
797
699
691
783
791
688
706
774
779
785
671
749
700
765
856
880
861
846
865
862
800
785
776
746
718
712
663
634
724
666
752
814
885
827
859
831
7056
834
746
783
787
810
821
793
761
793
807
793
804
725
728
836
863
906
909
906
922
938
848
846
865
865
788
828
874
829
776
818
783
821
834
794
860
883
892
813
823
830
795
751
784
840
833
774
825
853
857
792
750
727
694
643
611
709
790
807
789
733
849
863
837
764
829
833
790
754
804
791
736
766
804
833
777
824
860
871
808
868
867
851
781
819
835
835
789
827
858
801
861
870
794
747
759
769
751
687
770
830
882
818
867
876
848
782
834
846
787
810
813
772
804
836
815
790
822
843
788
850
864
855
776
807
814
815
749
790
821
871
813
827
801
772
750
754
729
700
643
643
726
771
698
685
741
825
758
792
791
803
743
756
755
741
705
778
867
890
834
905
921
914
845
882
898
873
801
822
796
817
754
774
729
686
723
678
785
876
833
746
871
891
836
846
874
830
844
851
845
797
857
876
815
805
817
860
851
801
877
902
854
890
908
862
839
880
871
787
878
918
894
929
936
922
863
902
922
874
914
896
808
869
888
809
893
941
900
863
925
892
827
842
835
763
834
879
825
852
905
884
777
862
896
882
791
872
851
785
750
760
727
688
645
838
847
847
795
823
831
853
775
810
851
799
813
845
901
879
809
881
886
872
828
893
898
846
893
913
920
830
890
927
913
853
923
939
857
898
921
930
863
933
955
896
943
949
855
848
886
878
801
879
903
814
895
905
821
890
887
807
884
903
803
848
810
740
781
818
753
767
813
862
800
860
873
845
759
760
741
759
677
649
770
937
897
853
861
893
873
808
830
874
891
832
891
894
836
777
822
839
818
745
784
831
836
833
789
809
826
855
873
827
906
936
934
858
915
897
849
863
871
898
842
880
917
902
822
854
874
844
790
846
894
848
871
898
896
832
873
900
871
867
898
920
847
855
857
773
706
633
611
928
936
958
941
956
948
956
932
861
901
894
876
855
813
822
822
822
833
806
780
814
810
818
749
792
830
848
806
827
830
796
768
810
824
782
739
767
807
754
753
781
817
768
797
813
802
776
825
862
819
830
808
798
742
760
765
770
702
713
705
416
965
800
825
837
850
810
849
864
872
825
839
850
857
820
854
879
893
834
866
880
868
795
825
820
801
795
824
811
753
802
836
798
756
786
791
742
728
684
658
629
629
649
634
697
682
653
771
736
725
656
714
776
706
804
874
891
805
823
800
744
781
807
883
853
917
933
899
894
895
885
801
848
859
795
858
879
813
859
888
842
821
861
873
799
806
781
712
760
807
841
788
827
899
835
839
811
776
727
763
792
727
728
885
893
843
902
940
891
893
890
873
812
883
937
922