864
910
803
727
826
893
879
820
792
891
844
777
749
671
647
649
650
687
664
695
723
663
646
672
708
1387
693
670
679
673
668
640
631
625
660
887
900
795
726
781
917
910
797
708
700
765
879
848
797
747
763
740
708
691
734
940
949
866
785
748
702
685
667
622
610
607
686
809
719
756
698
715
894
922
825
726
733
761
787
765
713
686
707
782
833
842
815
729
707
710
719
700
657
646
674
754
774
713
728
670
660
676
713
753
711
665
657
686
730
791
792
747
696
662
674
769
915
878
799
706
703
716
768
793
776
749
671
660
689
747
789
747
680
663
691
731
787
710
675
689
695
722
686
652
642
670
694
665
641
626
631
624
626
621
606
619
638
1230
616
603
607
606
586
591
595
610
616
616
646
707
721
710
724
835
865
869
788
786
805
762
723
747
792
800
702
661
653
733
843
849
842
801
702
653
629
618
704
879
887
844
713
678
684
776
918
880
739
681
666
686
761
803
784
706
677
684
713
780
769
721
719
735
759
766
710
702
702
689
660
682
703
728
700
675
684
674
649
652
627
606
604
592
615
616
600
609
607
595
594
601
613
673
696
694
683
717
785
752
685
690
711
696
635
648
655
675
675
651
629
636
634
615
633
622
602
604
617
626
650
666
665
681
691
716
717
685
638
628
638
665
722
722
689
653
655
673
705
727
714
705
687
721
794
791
793
736
679
698
663
660
650
627
612
602
661
773
812
800
731
664
647
621
608
634
637
636
627
642
624
626
645
658
653
615
625
611
599
582
570
564
564
575
563
562
563
591
669
732
718
723
714
688
645
667
648
637
628
623
637
614
612
604
591
581
585
591
584
585
584
584
586
594
604
584
580
597
585
590
583
586
589
590
599
591
606
609
634
650
664
638
633
649
696
768
750
694
664
700
678
692
689
640
634
637
640
628
628
630
620
610
616
598
603
609
604
606
636
697
780
713
690
686
710
756
758
729
702
729
725
755
765
735
748
749
717
655
654
646
656
647
674
694
725
758
720
660
677
655
660
644
639
654
638
623
612
610
595
599
606
663
673
697
698
910
897
902
861
822
782
718
726
722
732
687
658
669
688
705
691
729
723
683
714
721
754
760
774
716
726
759
778
728
687
686
695
685
747
723
700
672
685
684
675
649
636
631
633
645
657
661
656
640
637
630
622
625
633
637
643
670
742
724
692
732
727
781
820
814
774
746
731
700
674
667
648
640
624
609
623
666
681
648
681
685
669
646
644
661
675
702
718
673
666
689
708
745
738
755
737
687
704
707
729
734
745
765
774
757
699
659
647
662
710
722
655
647
640
653
701
728
688
694
691
675
659
646
1239
613
602
594
609
644
631
673
668
678
689
642
643
646
652
668
660
644
681
702
678
657
675
683
691
658
643
618
600
592
580
580
604
616
598
593
630
1052
938
815
712
669
671
710
816
739
673
655
673
733
789
791
685
655
637
619
604
593
584
577
574
576
597
590
604
595
594
604
628
654
667
659
678
692
744
714
680
657
659
626
653
642
619
607
633
634
638
623
632
641
678
720
726
735
706
657
668
651
680
675
656
701
701
712
693
685
695
669
665
663
690
711
729
649
633
621
603
591
576
564
562
566
595
789
818
745
727
824
925
881
770
812
850
731
681
720
863
887
703
713
775
913
871
786
698
715
789
826
761
683
683
658
641
651
672
659
641
669
702
878